135700
37100
42100
153900
95900
114000
178500
187100
265300
254300
258700
270900
325700
289800
372300
433600
401600
401600
309400
507900
418800
463100
656900
458800
450100
366700
350000
276500
341700
219400
197800
156400
148000
153300
154400
149700
135500
148600
144400
166200
153700
193100
163300
197500
166700
203700
179600
209900
195600
193200
223600
208300
205000
233700
343600
229400
210400
238000
227500
263700
290100
257400
261500
402600
295300
326600
273300
308400
312800
334000
333200
324300
370600
331000
398800
469300
664500
505400
357000
355700
373200
395200
377700
422200
370500
501000
275300
316600
317900
295800
286900
368000
265900
315200
329200
337300
324600
401900
362300
333800
